0
0
0
0
0
0
0
0
9
9
4
0
0
0
0
0
0
0
0
0
0
0
0
0
0
0
9
9
4
0
0
0
0
0
0
0
0
0
0
0
0
0
0
0
9
9
4
0
0
0
0
0
0
0
0
0
0
0
0
0
0
0
9
9
4
0
0
0
0
0
0
0
0
0
0
0
0
0
0
0
9
9
4
0
0
0
0
0
0
0
0
0
0
0
0
0
4
3
9
9
1
3
6
0
0
0
0
0
0
0
0
0
0
0
9
9
9
9
9
9
4
0
0
0
0
0
4
3
3
3
3
3
9
9
9
9
9
9
1
3
3
3
3
3
9
9
9
9
9
9
9
9
9
9
9
9
9
9
9
9
9
9
9
9
9
9
9
9
9
9
9
9
9
9
9
9
9
9
9
9
0
0
0
0
0
0
9
9
9
9
9
9
4
0
0
0
0
0
0
0
0
0
0
0
9
9
9
9
9
9
5
0
0
0
0
0
0
0
0
0
0
0
0
0
9
9
4
0
0
0
0
0
0
0
0
0
0
0
0
0
0
0
9
9
4
0
0
0
0
0
0
0
0
0
0
0
0
0
0
0
9
9
4
0
0
0
0
0
0
0
0
0
0
0
0
0
0
0
9
9
4
0
0
0
0
0
0
0
0
0
0
0
0
0
0
0
9
9
4
0
0
0
0
0
0
0
